0.026296821354662825 14.147853734506214 -2.2646453827368043
10.019114116533027 9.5531879966846 -1.9715039711964084
1.6476373748860018 5.3110611676075745 12.702618743951454
6.876209094327091 3.2735850997763034 10.852049385031174
-2.404078334579316 -3.262036806049921 5.727007698958653
2.5698501858634666 11.116686413378293 11.196670561241506
2.337565381190763 8.047419043128178 -7.339514786257356
9.563531295135812 0.2704873352133985 0.9272062850114073
0.06676448525151679 3.9335882458510105 11.916715881554875
12.609374823615003 4.508340109285694 1.1827747264775423
-0.24886204833764203 -4.515905498228641 1.8888993111647712
-6.327288709450484 5.178780475126688 7.481337197623174
-4.707703497063498 -2.6801506245236175 5.517003611481944
2.7832561530756963 14.309081256087586 2.5652326714692975
0.7143920934432719 -0.6938839111706456 10.953766962024357
7.687780811627425 -2.7820997511053482 -0.6915301082966856
0.9936675865869473 7.808107877426454 -5.685172832049886
-1.3982182722978842 3.9832942843975574 -5.863578024906806
-1.4120705486065606 11.738330185789351 9.682640747309472
-6.530468021553683 2.3487688389918047 8.054542488991718
4.818183984331862 11.489330671292361 9.891535513280516
-0.07671889043932612 -2.801649980716462 -1.993363515132688
7.158142415308082 2.354101226405999 -6.502559478365383
-3.38705293754483 -0.6924986045399715 -4.174209526677867
-6.2208777341761845 -1.697961754467542 6.160856489911744
11.616231055263581 8.670940441078134 3.0743465176821174
0.5092562389159521 12.675770423245282 -1.0957583654068106
7.174241607484411 13.6203278763797 4.386042087120536
7.49119159380248 7.377193176227911 -5.086553232514657
7.313442380483272 0.860722647200785 10.185379009960968
8.03147236158917 8.4708226436604 -2.242983827634667
-7.01800950803106 6.216111620368653 7.087449579207124
1.3334088507853088 14.856508968665619 0.7196585402905202
-7.164478862228924 4.016469981411335 -2.3086689780096252
-1.218952824337356 6.947202363572299 11.462257685921283
3.9408468991226564 12.036136083225506 8.868559828198112
11.404334846815692 3.300125717449013 6.991620248612991
5.737137587407068 7.808147761573464 -4.951884079794636
-0.25486427028103353 6.596698189818159 -6.449971102013876
-2.3925530050229966 11.55515408880735 -3.2682089534065626
7.767157948035336 -0.5637924856910486 9.408111819049648
4.932054833522418 -2.7266271534410125 8.15487817045111
-7.519765022168471 8.423464502249425 3.515867918187051
-4.361876183581554 11.296136957083917 7.0253805019946824
2.400255685200633 14.556930827178023 9.128849038285145
-1.1026714997040719 -2.1525888552568038 -2.1655503559740663
3.45775042080139 5.270804413156685 -6.306816556079427
1.0251181679945143 5.227101606889166 -6.0502921025052565
3.250682862167291 2.6909262335614077 11.745414226530473
2.2264898534326036 9.29178916792328 11.945344301288298
1.1648635776542107 14.736658827761394 1.4712701845920786
2.7115558730784888 9.18452282424522 11.554233978377214
-4.953983727725605 6.463240287429344 -3.5762761897837696
0.7635932353554389 12.410044379248223 8.93627390444578
0.06375480645156983 14.837249880198595 -0.39338853037947574
5.095734131651435 12.882653937802583 6.964199594911981
0.7455932362012181 3.620973549071073 -6.556666141573512
-4.969168424845655 10.483246507801667 -0.9558069718085225
-2.7531524060549057 4.7850033094452264 -6.785034447120848
7.31331507786061 -1.4943442946293106 7.735472495916468
9.593696738864343 0.8838023933022692 8.424580881350767
-3.5739822809205886 8.309581526322367 10.971226570772629
3.3512552169486787 6.441633670781735 -6.947581895804362
4.654449576331384 2.3713800385845953 11.694448069964874
-7.8017090813606 8.770362280141562 0.5233649268632772
-8.20277851978194 6.1281152810759 1.8347459801496164
0.6702481541540646 6.069634331265185 -7.003982096013937
8.803782108252545 6.220122735324943 10.45536436509159
-6.3042008661990625 10.36823091595884 2.842146820268131
1.457225406037801 11.137914833874476 -4.843338861386522
6.431746666334585 -3.742193664030686 7.386555378345651
6.655852725791904 -2.119079301918853 -0.35876782774696236
-3.335254166327194 3.9076480555828526 -5.585377183060449
8.634456908982017 -0.5974197041103557 4.881849617538972
-6.783522127927679 9.304456549231208 0.252725669962504
8.874035534496159 -0.2613011171853832 -4.2034036002195805
10.242110511392895 9.548251917416907 -1.7958359650087163
0.022365330380754056 6.717562215957346 -6.8203881594556055
10.17281332740712 8.869132664582255 1.7173876990720638
6.900632946761396 -1.4422729983441318 -2.1615477797255456
-7.710693783893319 6.998267652734035 2.9220553422797213
4.269188097254322 -2.5509938830131103 8.594665416261076
-4.9922731738513 8.25544319836675 -3.5566231013287215
9.275637061829146 10.135625811062354 -0.24317602768718505
1.6713169200120257 4.249159803292768 12.276910493162895
4.450093298651817 -2.7511901870973254 -3.2177445070667527
-0.3345710913752922 7.5913568395552815 -5.4231501374417785
2.162755594245621 5.534374411485745 -7.400763035790849
0.27378215629473823 1.6915082507060486 10.968732608249335
1.57654939860201 8.83438035431062 12.699688097683154
8.040634001045106 3.543769391660928 -5.378511666883524
-4.549274715164673 -2.301987595903628 4.1310122810454395
-5.820135537662068 5.984360362331525 -3.525167631559807
3.70666806722173 5.313319050052705 13.728304485640296
-3.8664773279507343 4.473483148388299 -5.939634338627025
0.25153528241495415 8.311012609887872 12.018909344246905
-0.9845071095619482 -1.7630082968654484 10.335829977171565
0.3148584429488217 8.116325486407021 11.836725146148071
-7.597577583967485 5.960032796832579 -0.868750307110945
1.540816702517199 4.936506261183842 -6.238456297960599
0.5842768099439053 12.714903641302431 -3.108515125335157
-2.1795510107707705 14.058167037969028 4.8499032272405564
-5.130197290516024 7.194747253916557 9.318107191968904
-5.0411645286849875 -0.45100482745705106 8.145265104411394
-4.144955925338172 0.4241452237163026 -2.197251316003922
-2.5322919002050526 7.780849273073461 -5.902180475320433
2.606515106505346 3.0668558848797405 -6.242872211808351
9.54520870323166 10.270524819223084 6.018410647356939
-6.5278710891370295 8.085447217821716 7.087864437207884
-3.8190880732363173 -2.137537931429384 -2.356909355108557
-3.1606134603516116 4.789661960405041 12.44576608988972
-5.757190798095058 11.044309667849234 3.0597575201816936
1.7709815591120146 3.682618180315157 -6.848158232731219
-2.2445651558714794 5.665547226343991 -6.484277518881665
6.32807109088408 4.473497287362192 -5.146593541169038
0.39768143831159675 0.2717017933278232 -4.99451018190996
6.664291977218166 1.8614679853751896 10.4715040297678
9.649855429120544 9.859921394060848 6.712123259575593
-4.306852061821157 7.194277993699517 -4.15797609388853
1.0201791193541705 5.93610202613309 -6.927341912995713
2.400346345016454 3.3265001662464226 13.761343465932478
-1.499295964788426 13.534450891337281 -3.198467554378272
6.59334786064826 0.9391860612714265 -5.115363544705973
-5.124109791430306 -0.03248737230613585 3.8707078624167703
3.1572861782174244 5.239617455174155 -5.99012507903723
7.159191039027835 7.489115854103664 11.99135355048596
2.371073438221348 5.008805023058536 13.4447619747008
0.6637894501309907 6.509048276874826 12.505916452529723
4.574512328142904 14.395280291633586 3.761849905163908
10.892764334912517 5.0364980937781505 5.726374609462846
-5.543353752228652 -0.7488012486365796 2.2490021194118173
1.7785133885906284 4.160980427395982 -7.8078827338973635
-2.1463545776106945 8.19862939579242 -4.744673885828471
-4.441700961074205 8.661146408940507 -5.026021714427962
-1.3558896946211547 13.80246497436099 -3.3454958529987633
0.37485996263800736 -2.6464132933022535 -3.713770378536953
-0.33008046576007466 -0.884992812891495 -3.5179142778169172
2.69538729988991 5.128321636908023 -6.5180775992329085
10.462656672061941 -0.4042575492722045 2.9471614848571708
-2.022680323119084 4.598177965336731 -5.863864508289312
1.4810957491160415 4.679735100823894 13.29053273820502
-4.123959206754889 2.63048019360403 10.10678645715497
0.6021565888841791 10.980799802957502 -5.212971400765234
1.611511424464478 0.8842079855545237 12.654614310775287
1.694799245463431 -0.8821840709341959 12.200575073900321
4.25829691152377 4.020267618674395 11.778619128408177
2.9422683499051394 8.320207227001045 -6.306273775725134
-8.10143488496775 9.319043441991727 1.4575378252414377
-6.310114917250603 0.3071499777466369 6.377358177617752
1.6725206128326395 -4.782562198735977 -1.4182546037993702
-5.838181922286537 -0.2955915711571073 -0.13876134485798852
-5.5099418485422245 11.314971266035087 6.328026348320808
-2.0055765832022128 -1.9391514280421678 8.528789696196906
3.62326635265856 -1.9942041461453384 10.261040588614415
2.753724725991185 15.23500584497776 3.252038922171033
0.8117695810710455 3.8337578431510093 12.603347263004753
-0.9540165085631793 12.033860681663214 9.864817054681893
0.47594292519077497 12.038313027085735 -3.6190522753035577
1.3104372425697461 5.103025348348282 -7.453345864751935
-4.118309257909587 6.045618828159354 -4.6637134449465325
-3.4139347708701697 -0.22424293165021103 9.396380824955253
4.580402642657043 0.816485774222826 -5.9975020143627376
10.933954831351066 2.8329379133267047 3.8767150024592483
-3.0642989392147735 3.7013432318064172 10.881760201004292
-2.6407280229195473 12.5439260178584 6.613481146736005
4.117121122900963 -3.697648987098238 4.671466195509676
7.894614133106584 -3.7191693687583918 2.7348285471412352
8.634069068968916 -0.8843427515884703 1.3503789398970927
0.8698185294106293 14.79110007205833 3.3621195838805846
-1.6083355710368985 0.8791584716075254 -5.403219700122273
5.999363751852817 0.7180022955085263 10.442393611681796
-2.7594969168127905 -1.5562756124127737 -2.0223082589132906
4.188641404298486 7.890263317828174 -5.271106085197541
10.77497793685647 4.581231835229307 9.385933102886291
-2.2085768400228254 8.351862281755078 -5.9216858810156285
2.031033408985372 5.327850790361248 13.688105278845192
8.751858287527833 12.919669547676678 3.66238197339857
2.939836593731723 -4.697939920210585 0.3743351677812048
-6.854304375525927 9.499200354700596 -0.6745532105797447
5.078911021570731 -2.9622976229016134 8.01132837354767
-3.5836148282228977 0.9560086568685677 9.62624152772864
0.44592096256282554 3.3236701133615196 -7.569361626107935
-6.995041591867879 8.686660233699126 2.9247490812605172
6.1213686654217 -3.6866023140053272 4.611995194327926
-2.4174956804647723 -1.673929673597558 6.521720643604932
0.07512713288056716 5.364825171216468 -6.011992360201987
-1.9484004486190498 -4.25496692631565 5.999694059685071
8.667471025507979 1.920186652060511 9.945047055341364
2.793811595632164 7.5570803273167755 12.076082193275626
-7.07670367088563 9.856781711552182 3.7116138286918394
1.8879751375213534 3.4834453424877236 13.868217261129509
0.7172413155573509 8.046175628108172 12.945875304134535
0.093450674153297 -4.214687402045378 5.126755794746739
0.637033766688289 2.283975795689024 11.995894715255934
7.876468779067123 5.578115124974218 11.210416713074872
10.718971229220575 6.498729139010384 5.507541095500498
11.02599627060367 8.348218372252314 2.0450586458069155
2.201949940122931 2.8741606042862657 -7.4147387043909045
-6.454643289868502 -0.9096455523206397 2.642304544048591
6.3748796820494045 -0.2317720067541873 10.607166258356393
6.468516581101037 13.630087485360447 4.399700177214667
-7.924194935455779 2.0848676894396663 5.1557397656520845
4.39995855513293 7.875095518216124 -6.8336657544675425
10.24205172077517 5.577451236849318 9.79364521911152
-1.5817889324965355 4.7274203363475085 -5.553925085333976
-1.5832049263518773 12.73670383206941 -0.833432323427846
9.364711728942323 12.32580455956717 3.6959097048665615
8.594024597355917 9.971209246445905 9.896035351374305
2.1295917654287124 13.292154174810548 -2.5718195286419774
-0.3657440947311539 -0.9758755380294781 9.300272706358944
4.930523071233388 0.2636320939179586 11.131199856704164
-6.122110396077332 8.554551324890511 3.4027736020901553
2.8764412921535802 4.448696192397856 12.538769800439642
4.10095385846453 10.249335477673322 -6.231170723515895
5.35452309948149 -0.27434005243803394 11.46703557865236
4.328704108183034 13.543572574810465 6.054090701804707
0.1109185114683382 7.044058117176923 -6.385158115406289
7.382869787211247 -0.263130753928861 9.808416908707617
3.1572840769108477 14.91380426449509 -1.050803916920533
7.445698434545289 6.279932126954991 9.77766757417133
2.0712372518501057 4.935359032686552 -6.35278128405333
1.1155477933460358 8.758997482100444 11.040967719260399
-0.7088193663125226 -1.1077901320401438 10.114835339656963
5.958728138027416 9.322051921838995 11.87475915291691
9.348487340253492 5.858678200501196 -3.301749538922717
1.3741185573589525 4.744525128391814 -7.695082811840582
3.0942057697485943 3.0406678227447554 -7.293043920234648
1.4004063923025794 5.680311875283419 -7.913457176321389
4.500622538116249 14.222219034368447 2.0442593508988316
-1.4699948962381546 4.70114976673986 -5.69274934584913
5.577153227237937 13.996979653483066 4.72482944794149
2.579342550522947 -1.5326324456604974 11.001948478439592
0.8725699164635841 9.867971171622553 -5.038172316579473
9.892742283580937 1.871660156622709 9.400545333044414
-2.587762514028007 -2.240300864280411 -2.2004845457570514
7.469339517764931 4.376422916932652 -4.9683447942237215
-4.28422428256853 7.008422421665907 -4.2706039708886205
-0.4905586736095584 14.389276440116149 -0.3254926710093837
0.22183264566312677 5.1937857614692975 -6.542120242177477
7.86807903556607 4.149227105520883 -5.057177635125087
9.170492446816606 -0.905278466966605 2.6151785345314504
5.169421703395002 0.6877157232935875 -6.164938406177837
-2.0946104397881644 -1.7615106984407367 8.883288424253113
2.6059832801116567 8.30601638848548 12.508223981454414
1.6895129378927258 3.38814925622692 12.45519369181859
-4.288384057573728 12.606665601709228 5.951082030439848
-3.792888740215574 -0.9068217726202827 6.640571208510682
-1.3119879473243743 2.5816800909622657 11.84615619355787
-5.865838097613182 9.456846960523537 -0.11256557818803214
10.816998308737633 6.752562786027326 8.88546710646411
6.657710673907015 -0.38558750461717217 10.720383346085864
2.370906687512334 5.715890871645713 12.8243041770405
9.707605785861665 8.685108439588605 -1.7194390008060627
-8.765867488999367 5.090669223573816 2.7071974038123203
-6.81386536321437 2.2041069955303083 -0.797670409038906
-0.2338884084126298 -0.667835220953997 11.956660396685532
9.951663914358578 4.956384507494217 -2.230913923596343
1.3689293786055494 5.8117840914558725 12.352471906433548
2.4318869533089487 3.810667950342558 13.6611001957797
1.647632719639116 1.4826281122134168 -7.550296545954781
1.8609671748866212 5.61922165336997 -7.643539991854697
3.5454882170067488 -4.6469905174912896 2.635482512136198
9.039080283433957 8.823929470559545 9.139861987574527
2.6302702028504568 -4.735510471492155 -0.20779309855055406
-4.669925439760574 2.926769154344753 9.438256682794659
-1.1131682356408326 14.752229421397798 0.007281453999424148
12.691840176715967 6.136386136538085 2.6182895774523556
4.298653737509435 8.029977436804248 -6.631437246342743
-6.29558093597097 -2.342699211396376 4.051264799950255
6.733293684156378 3.888201938730658 10.79430260522432
-6.438715825348352 9.400050297608855 8.72291807913576
5.766247104731889 3.8938345125255096 11.70334239332057
-2.964720516221397 6.978330454329946 -5.152217193225369
2.112748709640615 14.353854056293875 0.8873988116320355
7.013965917677243 2.0995443133333986 11.68204070448411
1.0378586721627698 9.899647803697484 11.043242827480299
-1.3055234507591345 1.3216392178524115 -5.7656752919851595
-7.25063791399624 3.3346453349602236 -0.9092697314680569
10.192684352117471 3.5983586781850407 9.062266018044143
1.5821767388702015 5.604230332769378 -7.957337952369369
-0.8391300366378118 6.247662009234761 13.109628154501774
-1.921306406671572 2.4046399414576882 11.278402404494503
8.897095846387757 -0.9384872411880667 7.6061907230608945
1.1366428152946155 -1.4126099554329103 -3.345349136797013
4.947749127023733 13.048714992372089 8.32814909557749
-0.4237256843040078 6.167599316079288 -5.938331627460611
1.9879415465084591 12.352335141850704 10.108256186362778
-7.560782228852181 3.842312669633206 6.037861009955378
6.923711841901206 -1.4931711153184595 8.067647073586695
10.081613043968712 0.9488808437319967 0.5482364248302107
0.12578722617414262 7.103322535760963 13.09622569365556
2.3035619791320454 3.069833112183766 13.676337583824433
11.555475871939567 4.372353875436502 -1.8344514666589924
9.829117583236643 1.1103446786108826 8.287546182039526
-3.6245496548554295 -0.6519903507651543 -3.707893096078285
0.23864841879128562 -0.2351537640158483 -5.542853106853778
0.4021404594819247 2.356326373730945 -6.0684612424188895
-6.310687456107981 11.37406091006693 0.1495150155062972
-6.819574462196627 3.6178505498003117 8.953013556536078
9.580920970639664 6.565530421913012 9.574497550873469
1.3417970536353985 5.134578093339785 -6.653767845704266
-0.13718158039149353 1.7849514676419775 12.606238511580122
3.0856449981935916 13.758740789110643 -1.1185620849588012
1.9879057756094731 15.607381737287744 2.675111995623683
8.470734324555838 8.876343962890422 -3.9094070611558416
7.73226831399067 1.8270656633052194 -5.011276223142971
-2.362223732251859 7.593144223321897 11.99148462741415
-5.33231056687991 6.180126703966884 10.357833938471021
9.106525044212834 8.272446770150273 10.865762464747654
1.0439086428479234 4.438719250341894 13.656948290245605
-0.11192848550709833 -1.126515772851449 10.666429010940112
1.2724187121678041 -5.416339906573624 2.0257712579497924
12.724508347426298 5.157904654148066 0.3680171253051989
2.1394366157044526 -4.618283053523331 -1.5786552602207622
-2.0196665892122527 1.555734339151127 -6.1354758728998835
-1.6955894815246122 1.9511130919522457 12.005851328681661
1.8485729857971567 5.372195989230466 -7.3518568914204305
-7.868578723628152 3.4023345343135807 3.0790981752894586
-5.818934069853608 2.9264053754687653 9.121169447395296
-1.2745187665994218 0.5010141595752562 11.299698291846356
4.705902109195272 6.132642467947559 13.086655112973808
2.790284188076057 5.98109506415946 12.807968870822856
1.86115893718328 1.6239781217883253 -7.287842067968151
-3.708970275504755 11.848590856029949 0.6983048393401838
-0.896008312727179 -5.115945176507091 4.8006175500262716
2.2131227759810965 5.409591106389164 -7.164748114251891
7.482061863214973 2.853032318879953 -6.142116019772962
-5.058642643437466 1.5553433270876167 -2.7941575152312987
5.65880954675339 1.4748375820615793 12.31686522163314
1.4620312257604833 5.181412351085795 -6.544419029980965
1.0181393774990566 -1.175133501957693 -6.268628342720768
-1.1048084356760968 -3.0410934454199237 7.791847583298525
-4.939424293131832 0.6742281362189932 -4.553764921126765
-2.5513314373158664 -4.186790592760259 3.7453566639292966
-0.684715683129598 0.8690205601484671 11.057864150709984
4.38949629720078 1.0923294207063217 11.192124061199031
2.0102068362919194 3.114699782447116 -6.518490416174888
7.716795751562902 0.5344008726556053 -5.357889323750756
-6.856206474327392 2.423438228691367 8.451777948603294
7.209873947147749 1.1564890687574922 -4.006682710599065
8.215390960589366 -3.288502457558247 3.9564721281527815
0.0708086198909803 13.574139166210276 0.7755615242151177
-1.3568339794490223 -1.9215740068484664 8.802403740643516
-2.7940379210389663 6.3429916765827095 12.484276622114304
0.2626325501675484 5.28520847154701 12.056446814377527
8.542828537855659 9.807518622444816 -2.5229918034421903
1.474789060247618 5.110182715295295 -7.430476503455706
4.940421341058388 -4.322907718742421 -0.36632311077598834
7.1332544117477426 13.253159508677738 -2.775834078038211
-0.4793944042547458 13.80992368107542 6.204793406472488
-7.707829871030475 7.621581758772827 1.296525345648189
3.9408909466827327 7.053949564648749 11.657906439296623
-0.549594998955246 8.060116945282044 12.558862689166583
1.2560222322676435 -3.9249838313313976 -0.32950461189789193
-7.545028075655992 6.193264058009328 -1.4364355675280196
3.757286121480544 -2.8339843460583567 9.64212520432516
4.668557672302419 -3.1155255629131564 -2.0663913504435025
6.654879658490447 -3.5760383852697637 4.873196478472424
1.0356183215142816 0.4385517501827012 -6.468883612233711
-0.6867452787332939 2.1300988868358446 12.57208083376958
10.432510822186407 6.751547071944821 9.551835688823704
-4.08905528930854 0.7289119828111099 9.081090906426036
-2.398350058231086 2.976039196000269 -5.564833734507248
4.846180841467281 -3.557636478985179 2.9180412319699816
4.767929022013925 15.123624096331705 5.443340494621401
-5.335385497307442 7.495803437660763 -3.5072872876023977
-6.117631912891259 1.9600560617641918 -4.375572101605893
7.97443026444993 12.022183760907351 -1.653438635092252
0.509247614219305 1.6619642286813896 -5.124082339518987
-0.8217273723665093 2.9107936380744923 -6.47471230371886
1.462432722825692 4.99408671990458 13.394321635931782
0.005935921482763895 10.721100157037757 -5.403055280446155
2.372044636867179 5.6243528233378415 -7.549580551582318
7.821671116315963 4.245842613531448 10.510516143172541
1.2985221039157566 2.982722197451909 -7.648357764812545
-4.217934797233711 -1.142973658226007 -2.694107723420523
-7.087855049402286 3.6951794640688984 8.790325743877304
3.2151344995622684 15.67471490646871 3.2760273648809264
2.792774122018584 5.989173913190237 -7.760178267639436
-2.149027705250742 11.053349911368564 8.502042001380516
2.3829742688189013 3.793041575395826 13.22299423467926
-7.691250041458735 1.9540749284031782 2.694330666829514
0.868650806792836 14.238304267917233 -0.938781705491043
-3.1834154797304453 13.232366715728146 2.3160635187418865
3.98065636681537 14.31959550040732 5.233341522760314
-5.737500420099006 0.5748277706814351 2.8501058847729226
2.390583794837489 15.280821129218898 0.4323113944752097
2.34548594047527 5.633175693550909 -6.064466445606724
8.838776494605938 -0.09155025992089527 -0.6111583679958277
3.2917851565371925 14.82160201935285 0.24972565173799177
1.8370131107047993 4.206181400634049 12.927747633804524
3.988711560377295 -2.436886841615003 -1.0304646520413039
-6.351532875012888 5.476185689557628 9.924559459927274
-4.229991495323372 0.968730383203861 -3.8488566303614524
-1.0312534582392932 -4.604803042565806 5.316690136579907
3.775800482820453 5.2788249135893075 -7.181129210507599
-2.112293518952549 -1.979422424163317 -1.1072102633943661
-2.0101920095374197 13.83981448595654 0.7103737678729694
-1.5208975930285913 4.66338218657466 -6.584184115343806
6.293621204540601 7.197614687641303 -6.866312122838885
8.13483208794622 -1.8356549094478263 0.056113092866058256
2.0825261166104885 3.891084920875773 -5.9179420129233975
3.9326364616895146 5.5018893057348475 12.091665132152555
0.544636507626876 6.016032883348757 12.265828933554406
1.9129335132103837 6.3591959794839825 -7.652672791305356
11.691450563457046 1.0999954223998265 2.177136281512621
-2.1588796176089913 -1.2382613285578192 -3.28411805883867
2.3447546968348414 3.333404099578804 -6.0441390851623495
2.246498504216091 -4.798367534455647 1.422578935856806
-1.6342420228446528 10.064024492220627 10.439252253330835
0.9404234576319301 -4.193318714844655 8.857534816752327
-3.4879684753172686 -0.2470953266807503 9.404253066966366
-6.24768619214833 -1.8125495037521846 3.606017906688347
-5.3325306699641315 11.330883669915908 4.240148869060684
11.076778045883314 6.245393043686269 6.606711930746388
2.159214424237637 5.159617786975229 12.129743815900703
-6.852619496862985 1.1839701043731714 2.930022404481703
0.5187126833377347 0.1527882484921994 -6.618431244777527
7.92832667514183 6.704090174806058 -3.9345986682042575
-0.30884036793010505 -0.586981328685956 -5.1232047745972356
-2.131536188319773 -3.0855163103556533 7.750429282568092
3.4615191453635443 7.293230517682923 11.79788094438893
-6.87376210077354 4.437581330888774 4.716128686621589
9.411777637984164 7.945072058030462 7.563066990346145
3.7945249227222932 6.414184914256515 12.922373198544314
1.8996990534377982 0.3035223292243585 -5.557615454725196
8.01457559459857 11.740224515209094 8.238196861585363
-0.16600431027750973 4.679908331483215 -7.774228581175225
3.111230355357743 4.739574263396827 -6.241737597231184
10.624669269915302 1.2332771688169735 5.5289628212927155
-7.273437535564629 -1.146082255004996 4.622463161908503
3.3790749463808445 7.580533093017717 -6.776229456635039
5.5709804896489885 6.965870813727238 -5.978557624889058
4.2961793304444145 6.423903389801595 -6.88455394122998
1.1186066442349965 13.017739131048366 -2.0917201817642765
9.718875746569145 7.976590624028965 -1.0111582394496046
2.936612275059619 13.424971043526778 -1.4329172665627525
1.3285959976207706 4.819885898465715 -6.438253766769451
5.392747382362068 10.938095963310847 11.075399826074827
-7.204188497380866 2.0616813129334104 5.338269796301043
-3.245470537452927 4.494103224804122 12.04874484038884
3.1117604658807823 2.9981345537056203 -6.925814471234332
8.996104145105178 6.602010816347843 10.35054122883609
4.840308714368944 3.6260708826865273 -6.739188649150291
1.466364901284317 4.390525177885877 -6.80539004341151
1.7395970405027925 3.34017421597273 11.913199857741152
1.5432710715287565 1.5866547234697208 12.571428574613497
5.264323671378139 -3.536120774307791 -1.0185985801533115
6.5382930560342505 11.925022660135483 7.254410972394028
-2.5057435689626226 2.162154019611452 12.06740716247559
-1.321240697060774 0.2078181421838594 -5.634757742396522
-4.910498928868037 -2.037370618069035 -0.714508720212577
5.316458460641732 9.583454083432638 -4.800183138214005
9.10566286504691 0.637060914575637 -3.035434375214492
2.6112607659580487 5.086373725612848 13.570734915602333
1.4577955332863675 13.741370208029656 4.5053737636591125
6.525579125595437 12.946964041989693 4.073762248930654
-6.852556584330951 6.22206518534266 0.34137701142106547
9.001508715377584 9.999721121764933 -0.8523764025907745
0.935443753576358 5.025168499993445 12.133205920124276
-4.692315385076982 10.94349584282672 6.18172193875823
0.904958689486064 5.6114260772114495 11.848401521688093
3.694537378490552 0.1410355515600652 -6.688001542821045
7.870544649634217 11.092087782816458 -2.1621835988059885
3.552326721038586 10.652437423362583 11.072406837764085
10.96912624412682 9.431039931300585 5.320179877910091
2.4920361087168486 0.5983362870308713 12.330422953473843
2.5964843754574 10.582263520635557 12.055326991674113
7.020728067797853 13.511880767532011 1.576851478813542
1.1179653938468872 4.290356829342938 -5.957997948729766
0.7526404878147377 11.63634186934008 10.179052500832906
0.1938249857325114 6.246299612309217 -7.042419712995352
-2.211668658519556 13.550106212713539 7.331851710745116
4.731809776011749 -2.082527836505328 -3.076940403007185
1.3876598779986518 5.374123204141963 12.874472731437084
-3.9963103631904437 0.8842736760977079 9.038402157257124
2.794823289651278 9.562789085235273 11.480827941910832
3.8269549000154743 -2.448763585862914 -2.6684964387346546
-0.7249195833152897 -2.2165805142042148 8.501804824513867
-3.4846351282308823 3.6462785829491007 10.758372156619856
11.16199094589639 7.677093509133594 1.8469390574121656
8.319764544316335 6.382934277320723 -3.858882403877596
-4.725986535828545 3.511885224336508 -5.3606100576835
1.7214543955941035 -5.601217255053191 -0.09149121184305375
7.460693556924793 12.915643206118277 -0.40718963390558827
4.121810740495006 15.497463872869464 0.06256264387497312
-3.205831052680658 -2.031795647313032 4.885433194939482
-2.47023676217206 7.3269880576515725 12.24294922840593
-0.045931599952344415 1.308716468113544 -6.475876027148901
3.4143835796249613 -1.3933036050651872 10.967797533171371
3.849823975585974 5.248309221363689 13.477361276768178
0.2424788285289119 -3.460119829620149 7.615585693275827
-2.1297038145115805 0.01614433012444083 10.55695625528004
7.946245242076175 -3.6126568836515167 5.225397845665096
2.4117659371043447 5.348066154230175 12.707810227811622
8.74229135934409 6.157648501219996 10.826899394149901
-0.30070445276176283 13.426786436031017 -1.1269315750615676
2.4711751406790183 4.67797994845853 -7.784034076551687
4.996985716837189 -0.8884333462334268 -4.817920161494859
11.588196637148096 4.12467029396565 0.9510227136185108
1.1525773396688144 8.967432656767908 11.83075004135468
-6.519824752333058 5.043497647439683 8.911378731806955
9.122781586194963 5.398772722661189 -5.010687168461724
-6.909091109830641 11.556886641150035 3.49052644558336
3.2736224891639263 6.820806932307551 12.632236404209252
-6.255906671069714 6.877350186912654 -0.4523195353499223
11.984528313794941 1.409865482298902 2.3259288101181794
1.7702208017166563 3.9248019718690945 12.205532206330666
1.6034238502554303 13.98591000640215 9.40427623185544
-5.283336424958868 2.5946453199656268 -3.7547163366961653
2.2578036189822375 4.672371974889046 13.245932001061252
10.158207285560792 10.298491116319537 7.6350447756665725
2.955883092740937 -0.16529356357651714 -5.246619549167908
0.016323706440399377 14.906171927511053 1.5757006951512063
3.377308117693263 -3.5942798292277014 8.687660579135285
4.182438052343234 12.980384350367297 -2.3612494412248743
-7.5769258331765545 3.807068926775492 4.534679666801477
0.24433777656216082 8.109967694899463 -6.866056397732713
1.6033251051218618 -3.3429592678437374 6.458974453979545
-0.4603249364986941 3.0375938178231916 -5.625846150790693
1.5320296830222375 6.235791608422671 12.260453121502616
11.410152785461625 1.720728430287274 1.4764200142525927
-0.38640669595043287 3.591375959273256 -6.372907032344786
7.654244618147614 11.713645245189191 -2.130131614785874
8.561251566914333 5.481888731707587 -5.3228549713158095
-7.048290586269221 0.17270430035457895 4.9050539710706325
6.156655510371772 -3.6764740774339186 2.2557440157608766
-4.785083978117823 9.318735382075957 -2.5238896653638734
5.942858318107507 10.059455812168892 10.836895824051544
-3.5476799592103943 2.6410081410077053 -4.325921511659521
0.5511313624841414 7.110571479674542 12.436689744614823
-0.12990271894272754 11.272095195751762 9.671321445076531
1.1150824869321614 2.9408872483333734 -7.716042876838027
-3.1313199403101812 11.866618186880673 9.431635758948305
-0.904784390353929 5.347703821701225 -6.535873955434932
3.7422468202837447 6.4232954131183835 -6.762301919430343
-7.488465056592958 3.8973441381029508 4.537476645544343
-8.268316967430563 7.013169984992242 0.267437134501586
2.1536462180292983 4.170164538580863 13.037359173602017
10.636869212777434 3.7961985114153234 7.312044754753279
2.9119635460734057 5.547796260039295 12.720571260338025
1.4291941811905884 5.273120695847074 -6.8011540385594085
-7.345467829520636 2.902518553621591 1.251590372223728
5.581436254787288 -3.020998868048045 4.924357578075757
5.484667996427557 6.285790107553229 -6.745793093595088
-6.848388756130536 7.571490813065143 2.8091339421304733
10.898768712215833 1.5687570563393738 0.9676619087633354
-1.6247362707321598 -0.978779995284754 10.315249267700985
4.186465114437466 14.67434769080538 -1.8694039215841807
-2.3330676946013096 -1.3480452890250771 -3.5016836095358856
-0.5969953255064522 2.513996542676204 -6.080429260272477
-0.28000865165094657 6.226320422400181 11.695474177709514
-2.707278410386378 11.326350219815826 8.597004677612524
6.381224260572865 -3.039141364034298 5.557060881373409
-0.7906623256184373 -4.442925332546887 6.41898798976524
11.456333170590758 9.582046989083555 0.5877564530882307
-5.395573782191729 4.085269563468223 -2.819897125164915
2.6881260323713803 -5.554027133355317 1.497347319928081
4.177936791784568 11.56915607436822 -2.4359326347675654
3.2630118580583387 6.215021621159439 13.938192729141957
-7.005673611750542 4.4787196143065415 6.080096940539459
0.17163686369193654 4.6893464849383655 12.674833537599161
1.2276551950583388 11.196235686229596 11.206337979194908
4.790592017022535 11.676014290305584 -5.3809588517891696
-2.742087007775522 12.96594931030993 6.335944874902197
5.68359455980231 4.405698595912444 -5.288981903462769
-5.524567855143863 8.361302413845445 7.645716569268096
2.455042396191755 4.695250932842282 -7.904527194387958
11.172201156841924 2.708239684840203 2.754621202406947
0.9082106723151495 4.330079714415227 12.641368631136539
2.4118495720028754 11.234634862844675 -4.530449632381616
-1.8866054549101032 -3.286961917953658 5.463946519738907
4.145860495015787 6.235729255795945 -6.08398856656876
-2.7888863556783154 6.218403568254274 -4.846736348659505
3.8949869163362716 3.8565548885062286 -5.735722998037335
-1.4715494233741184 9.320608320565533 -5.457583531111824
-0.09042210805020412 12.486891526904058 8.357670071673153
3.4187371591378937 6.456700140066388 12.04562307888229
-5.51644139759931 4.803497108763063 9.54458756551931
3.157619074619247 -0.4814991428298665 -4.3398970527253
-1.183276496523411 10.086062186815177 10.762146152477502
-4.078495487116037 9.828480381496112 9.309119145589237
1.131149296371452 5.844576048903992 -7.42771516952405
4.108885806766775 -4.9625042043352625 6.3432166156259235
-1.4544746239219934 1.6276669950343137 12.791562067488398
-6.888991593476572 1.0567887892347398 6.43332369258829
-6.395000053382169 10.25250249180625 3.1583191039267744
10.570253921567296 9.764235227994082 1.4614296354534602
3.939618046138569 4.818319078526004 -7.702447138619436
-7.137506159748527 6.074115737425562 8.28503863018203
10.199022723266136 8.496060659289347 -0.3056731471232834
0.7036961314046866 -3.8376901099586616 8.47318188857893
-5.567210851168722 3.159778056818357 -4.867809175917335
-4.970295428020834 0.426899406526176 8.19063502201006
10.93534802801314 7.432172859118699 -1.282966640460161
5.132535117615378 3.2870472256587546 -5.950508325481621
-6.911063077158634 8.061108130440095 -2.2773602175446483
3.265706851195416 5.164794992705994 -5.846289554202605
-2.583996070366422 0.9000257973515833 9.833972545779725
4.404967629239698 0.359239965150429 -4.421683725664371
4.71603216730672 7.810516640397902 13.14294126118149
-5.602299376407989 1.2911035715564774 8.19086701782681
-2.4302290604124512 -1.7381216578122536 8.339158630126775
1.2843907930854386 -3.840460478368349 5.288112421715006
-4.239059523069756 7.846348205159321 -3.8898822118048106
4.602249011248267 5.849502101522642 13.071222128463106
9.396029634353798 11.188898482817656 0.82787347026519
-0.21758859266714303 12.22606211395325 -2.7149757860160992
8.038774346076783 12.320648162724586 -1.535611665542565
2.3256002621200604 4.652338504868946 -7.585342997579084
-1.2243646793398169 4.551754200940705 -7.260513411929944
-0.640533489648518 4.483537687968804 13.791664824881174
10.567767446930123 3.2581805229782543 0.0036552289996749643
2.894718723569165 2.937740569635385 13.175792683094803
10.630703141670363 6.515935279404444 -3.904890891720315
9.4737871267863 5.775232078569248 -2.3397188201272474
-4.080038867762767 13.44964804246685 0.003973845589009706
-1.0924763875062737 11.459600973432352 8.580317031794621
1.3554818867538354 2.9499087493977307 12.07022930739911
3.1547232470836666 -4.043841322044717 3.0851472091572476
1.1288847789851186 14.4266185560436 -0.7588944341379555
-7.362421728465227 3.837584684314159 -1.8663960773179715
7.923219996206049 -3.174393939496678 7.678006781892268
-1.409870038405669 -3.768488496457284 6.256566416383189
-0.8191547085936457 -4.769401470964159 2.781650640028759
2.953854793670578 10.434304150514519 -5.447751577264823
-0.854743988413901 13.931253561827633 4.252492572979933
0.2054115512488459 5.363244030755546 12.822545909129866
10.35593349425289 10.672980255978676 6.535449869954109
-0.06361814047812198 -3.8288781484740757 2.1734341939360076
6.8652330975878595 4.871205169221282 -5.982065772159196
-0.3832190937728859 0.6270016950160855 -5.307785967431414
2.972412482535435 1.1407626216175704 -6.967380572654289
-0.971752021613216 7.7705717063876065 11.138805015732725
-1.3549794535092952 0.6277345184065712 -4.7826068950239335
-0.7431011824071363 7.642135041781081 -5.2687619113202135
2.161888445662129 5.542153672330052 12.960358770656331
3.0046562874659175 4.2620152187962965 -7.276086578979012
7.863633756945891 2.1885038270430526 9.59044386655393
-2.962256876656755 7.134821420296188 12.248473166759505
0.15084075905787775 4.396247224167372 -7.666525524321473
-1.6653864673360093 12.034762040075513 -3.230573631112569
0.9611413849275239 3.7147679058120424 13.835401688235192
-7.526103694691863 5.542375964752054 1.2841946878095003
7.980266836789195 11.47898626879272 6.654370504969924
0.6574877663787742 -1.183335725046546 10.832501867767329
1.2444835765923994 1.701647851488855 12.245328211101041
-0.8543991591084952 6.6755860758450245 -7.279864108500403
-2.11807732662044 13.237736714023338 2.145799729619722
-5.181164195263156 10.528537806268853 -1.841554644292469
2.428344221292106 2.5358593707131614 -6.387542055560755
10.24458540578952 3.8564520596926983 -4.24307313536146
-2.0068329977644304 -4.564512467991749 1.5430370471712578
1.1935733133064148 -1.5019153294090266 -3.597265618480983
2.2376877415649012 4.815248803691883 -7.145385081707345
-0.8646502634813165 9.816050114572047 -6.196012337584534
-5.488093703690497 9.668195738298683 1.658520746355289
2.769762014464079 -2.5846316897912285 10.309541281438925
-5.494865794942944 11.200157699068882 -1.1318737424592475
3.7067448612633678 -2.839541354622374 9.92033713324168
1.1064136577611687 11.369890361657315 -4.940533894844121
7.108898721715282 14.444617534697246 1.7884039890864156
1.5467232451538246 5.086539289695605 12.577342482268268
8.05441395500992 5.5269591725460465 -4.937833674245319
7.915356346928316 11.875877738580016 -3.048375266926744
-0.6683985595482684 8.04184367150296 11.016081674418173
2.1126765690838707 4.4836525247654935 -7.68579790999148
-1.1339028566166403 -1.0917277560811747 -3.1961087772948114
-8.266837794802917 7.268457561056646 1.7530977778785644
-0.999128487555824 13.034591335551376 -2.9440763244136714
-2.9112282947702486 0.5956050916591691 -5.265863146074704
3.6609232782671066 13.329672103691745 9.692200458972447
4.18524429214869 -4.783291885913405 -1.2981309748860457
1.1426138380271063 -4.922835126302405 5.978379368523317
2.068594825739474 4.708112439455048 -7.744662234369173
-5.024598572577116 11.566888569920856 0.32197858808577484
-6.198235838582512 4.352660149084318 7.692002661474692
11.156160143264053 7.425538884947219 -0.42062373448337764
3.500336187597378 3.6196571539405173 13.746862075433063
1.6806477808143807 14.347542676479998 8.005536707303328
2.94048917714225 1.7857939826337805 11.70357335625203
5.567428672076208 12.956308560373374 9.064698919866935
3.5038588153655827 9.632881640820495 -6.571824166440983
2.6707612625982295 5.415703609455932 -6.685086912822003
8.879274512262457 10.61850664613911 1.0663874835126697
-7.136689377328658 7.687295643009447 5.503873546898507
-0.8238634980591146 3.962598564611475 12.690070806512034
0.241406277736802 9.425576467414974 10.7984996005305
4.911755882961174 4.938313601785472 12.78176020707977
-0.6700670606751613 5.8519190300133985 12.580573725364287
1.068334027649751 4.241334697380352 -7.243912514180055
9.299526880021556 -3.1470381083222843 3.6434167212129656
2.6644049285020204 1.3302965693214812 11.566852527725128
2.0916827322772447 5.740777971707608 13.686495769959143
1.1875552709580497 4.741001996538909 -7.265959238620249
-2.185310394855447 -2.903682896083712 -1.1990534821736811
11.231030484687647 0.4094726386194818 1.4724746086867113
1.877570753546634 6.65047408022355 13.603960220659086
-1.1024325130493873 11.252102163562785 9.194169044346683
-0.8248920367718076 2.1567012320816032 -4.980515881081018
5.47763025701482 4.514876950279646 -6.159122843463658
5.723465395457229 -0.6660251604307801 12.153473728202007
4.943949048409148 1.2764032336237432 11.251487801015985
-4.034141145387468 1.4045977881647187 -3.0925391730204788
9.451471624012594 2.3175737805288423 -3.217934927906605
1.7600463801170907 13.58750819622727 7.59921491647117
4.898207702055802 7.1330204456595 -6.095113504872225
4.576572998409533 2.757042834974053 -5.670314362669642
-1.4819330902183196 -1.152519331014163 11.459531786025403
0.6535963787041299 4.1140162797124535 13.055315814313168
1.2991460916010142 3.7581245235357903 -7.083351851456805
3.095710981395315 2.824344249902066 13.101280815469874
1.7979516311917716 6.210173271178655 -7.232810216934771
6.332393334534055 -4.640405773993788 2.78633818171587
11.646596166927347 9.555936248100595 2.614285179988558
10.176614719382469 -1.5731491410671632 4.8092666644742454
0.8553336733569894 0.008669724312540428 -5.807090139526856
1.2111151005436622 14.00002525433819 6.680447700358404
6.503886758313692 7.179242026880235 10.321905295231204
-0.4233832813313092 6.355654741590454 -6.520138623229029
2.3621454290310346 5.314046673482311 -6.613663573701137
3.5001643564001035 14.651610722530076 4.575741412269922
1.5618160980122882 3.9688892219954535 13.8110480042709
-7.930439674638916 4.450219947122056 0.12460984081615001
1.0320476652346637 4.636350734921863 12.075410269984587
8.356677890915577 -1.2003343389320023 1.3623040041124663
2.968116020087613 7.224172287175444 12.592336475202059
-2.168248402248871 -0.38027764924501906 -4.119043335341461
11.33363075343296 3.1992385242989627 4.728153232793349
11.350516032025643 0.6134244381880629 5.871285230253283
-1.043628688536658 7.91458400556302 12.82687256272049
2.832213595651172 5.750486387733517 13.594584856919166
-1.1470719243398033 -0.7322497120237688 -2.8692103832308278
-2.571279092623335 13.207449299390733 -1.1134397683372725
-2.494595795965044 8.238973598210464 -5.009925597218597
4.665318066943771 8.010920764354061 -5.531134810622019
10.130598277168566 3.4520492549822355 -2.167234268323281
3.765888175843354 4.384837846217106 11.939531990625078
-4.298705354337029 12.436064082545983 0.5193915934450941
-4.469782342362777 5.650871394235596 -3.571365249690672
2.1950885890453447 4.5322395090179 13.474910183563834
2.232913144954717 15.363836810781532 0.6989198606473175
5.086970990957655 13.714005124249367 2.9089635723143035
1.4699978964618055 10.168498462107294 11.688809092844828
1.424800592459492 4.390908350616181 -6.407297924465555
7.383416295729942 13.116394885993206 3.0846898341847844
8.278221888224795 4.723273319496412 10.587466275082548
9.356099333627478 1.260890023761251 -1.8950143000476531
1.0514986109010724 2.937306985898058 11.80004044083668
-7.8086775295904545 5.6788287060982015 -1.0261763426131005
5.672166597480537 0.9015871872269581 -5.487549091891564
2.635400249794131 7.690303774722441 -5.729458156656047
1.235663801015182 -3.2485760878895666 8.81143637493099
-6.993636063695421 -1.44548483220736 2.9618913090116936
3.092070383799998 4.628627279778627 12.308611889174347
5.219166993861846 -1.0720808178404027 -5.051229355463072
-4.063388917609749 0.5768531015254363 -2.4253096984758584
-6.945925281528774 3.1835365485295584 -2.8161486602684156
4.9835082256668475 4.4417635233812565 12.529938919033775
12.42780945921863 4.593677414244773 5.357739694892088
2.92926776441105 -0.9225983489243177 10.920645248286363
2.903816872989155 -4.75464171535147 6.9904976098347635
0.7900909061237054 7.6652692700881015 -6.774092513554587
1.4804862161227295 6.19641717127085 12.288368992461583
6.181039769843961 1.6675430094923818 -4.062815708032065
5.531468432715062 4.187405620114168 11.586405757452495
-4.272685297636341 2.9578277198909637 10.302456982999665
12.318587568459689 5.069399166267205 1.6030844599074858
2.8883124679410357 9.123424290199942 12.602109741925265
-1.4451443420788275 9.005744290624644 -4.88502167984751
-4.837686396586234 8.229897475735845 -4.032227325246425
1.0849760513204139 14.290485284241008 1.401332619330406
-1.261092234603812 10.55849738994089 10.925863534437788
0.5264201923574341 5.433481924833044 13.759957823196823
8.727636986325273 11.051453371707318 -0.6880075340810432
2.552914887901121 13.159514145435097 9.09017549479198
-3.7497225698819276 1.595476066213855 9.353020779776493
1.3681273958467832 -3.9674615118929326 3.874291662665363
-2.1660199462894765 13.696143870012694 2.066462106424936
-0.5374885873501511 -2.653301818367334 -4.9748628910905275
9.648799677347041 -0.5333492619448887 -2.3501557134917213
-0.27395911569356013 9.015756225110838 10.671749456763468
-1.015992658372141 7.199561689536843 -7.504099107272249
6.029049202951505 13.664485375453925 -2.669969008212232
-1.9252895698263326 -3.1628000656466777 8.268735917848435
-4.873998359066571 8.238307138669436 -4.122627452589613
7.235200731457891 1.9476323239704265 10.500271868768316
1.952092690597925 5.078833573503322 13.8615075514059
-3.6378465369807174 1.1302343124961336 -4.073069979126483
4.163739266614506 5.170725243430223 -5.87961875583788
3.480014156799712 12.391596225977024 -4.40623905844445
0.30885468636762226 3.4829279158022395 -7.184225054003663
-7.0881865518238945 3.475233395903691 2.5101372060186833
-5.5778924326693 9.07757722297104 8.789547607159147
-3.464255208693748 -3.1652069892742865 5.202997016781776
8.362079552578248 10.496539857388871 -2.983728067801339
-2.8647725978813665 -3.702913494192355 1.8921077217100342
-0.840996989623799 10.418006871327453 10.01030487090631
5.762207774435899 6.517156658558957 -6.108729099299385
0.6868675645574434 6.731335833130478 -5.994173615028216
3.96205225624462 12.147704192669496 9.24487223988817
1.534323553913453 0.025033077395430148 -5.5810296042934535
10.001021199889948 7.557762323527214 -2.9706370895802863
0.8529990255295217 13.38218515306879 9.042339498831396
-2.102818019503142 3.060702034736807 11.101289058395672
5.505944886117568 6.683522784783764 12.689485153448961
2.457683502903835 5.073269250576416 13.49349806637301
-5.590901288718568 10.860522318421632 8.487679155659627
-3.20032250608922 5.669805596845688 -5.478013836682697
7.508742106686727 -3.4486380894240165 7.089354412307755
9.524486929396282 6.084288526968648 -5.360877036950165
-5.179158451937763 -0.34067765371694936 6.137944401653384
-4.308494674940562 11.515087257945178 6.949187753216757
10.739472292534426 4.711400429871556 -1.7588277008554707
5.788247412886321 5.3702897488329535 -6.2206279483966
2.4784408259058734 -5.003238992473843 -2.108479640384405
11.35596321463612 3.2622712490449026 1.3225147283227843
0.5626427670019192 5.726768500039546 -6.0787852191887595
-2.834990918995749 4.612429975963201 11.935854175368105
4.191840017007467 5.058422533670056 -6.60912169002718
3.7470818225750655 5.235075387272898 12.963785493234393
4.119561161484308 5.049556366607257 13.783736519871738
8.988646631065723 10.71792870181154 8.693926959677544
-3.125452362313256 11.12978363611915 -1.37630278658493
1.8446493768847763 11.91858366639218 -2.927968138417688
7.969824545257422 3.127672560489184 -5.064823155368598
2.8169996552873777 1.3513267591554907 -6.87709781847839
10.423720209629632 9.927459905894882 5.321737352399582
-0.2913819710119028 10.9627638080924 -4.342256194305541
4.804999805468735 6.447800504178714 13.351386133760466
2.237650850795249 2.8933166842613605 13.756916523538079
8.047426962439415 5.234208011537498 9.288563445390448
1.8577699959443463 12.717995720070695 8.61409845871134
7.427150463686725 13.951756348558833 6.379143584826632
-5.990171606498556 8.675873432825263 8.770085131764041
-1.8644757363726794 -2.6532508401978165 1.6706260112364544
5.820473789416463 3.9379508642453898 11.371604257032956
2.3318008707924913 -4.11285732519571 8.614352977204941
-0.9444420124889432 -1.0732901080570718 8.923296316504526
2.0441622686136918 5.189263702856595 -7.650986314003852
1.3611944745567366 8.500394699474795 -5.382497491711987
2.2475937407126256 4.7973830521368335 13.426840644876945
1.7959980898594967 10.836682382128537 11.666855222040057
5.8338417831288965 11.521248282765658 -3.409905231176242
-1.291653110306517 -3.9206357238975973 -2.481612656798329
-4.006789755851647 8.969462927791623 10.64993369011377
10.9911692736 0.7910015463989462 7.046990585214737
10.995207266910292 9.107183774257447 1.2976632821654104
1.3645888740687773 5.77826950598731 12.35514335949439
3.6675927903751546 -2.096164046686624 -3.359165551308209
-0.007894425720758491 0.441234251148352 -5.047871084243424
-1.2309557329703162 13.367683237700291 5.608225674700798
4.238785196847932 2.695977745947445 -6.765710202683505
5.079372314050758 7.4241651558420285 11.289827880430071
0.43083973205561055 5.748861086768349 13.237611704222658
3.486044236561792 3.8359167176450635 -6.543473262970272
4.519252653261404 -3.352789008357944 7.029328020513582
11.528709641206394 7.637484501352663 1.7812249341439714
-7.357704339940742 2.455340000317235 4.3350508492460875
10.317931473049287 10.242858980821627 4.326861771104947
0.7070758188157593 2.493219461115241 12.72092695743212
2.1634671567433603 5.9191952916020965 -7.395628845174468
-5.833599563195345 2.7521355403805434 -4.040203097286628
-1.1216260556442497 -2.0064391029448685 -2.5681399029340106
0.767969752849903 4.31835406488884 13.110136774130583
8.046242440515384 6.527546106485564 -5.0625888782805255
-1.1362424035265097 5.5233220810598525 -6.195388234911138
-1.5834706222722654 12.95921622443069 6.240541247869185
0.14931743398673736 8.343345457196007 12.242294916944761
-3.6777811700558822 0.7339160418408608 -3.6386735861663992
2.4863833051858295 4.723983362323715 12.09859024284103
0.16013920109155633 7.124700408991183 -6.019830225528545
6.490439421934216 4.611098101128162 -5.301854416999262
4.960327072966658 4.251035315689292 -7.257742045667015
3.7354703385219596 -4.85902748767449 -1.8165688432883047
0.8412296429841029 8.821524778888215 -6.605868574420416
3.320889135888812 4.49931002238987 13.851341046887914
1.1948076198146662 4.855577890375097 13.714056433810883
8.6274345653118 -0.39923837131027495 -0.1476042927319674
3.179775882645328 6.751006977758909 12.760904776508067
6.234234246828224 7.440020540179255 -6.319825157862729
0.8510810671308726 13.248444880277749 7.2613177616699085
-6.249186229718414 0.06518781529454554 3.703443323434823
0.8699070087224008 11.676938537835413 -5.757369833958923
9.507058307599973 -3.0258522100616796 3.1322102001573002
-6.973378907000962 2.1511941633372538 -2.4399206447887916
8.508318989206686 10.736901402743452 -1.954877279045704
10.106192045293623 2.020301114493381 -0.8043711222040026
9.681770702632809 3.0882709386117857 -4.105377047809206
11.208259708218566 6.092509891440345 5.105990521622646
-7.699410316712752 1.2414608906297877 1.7570608556609013
2.6384499649681867 -4.254518002181971 6.981312135039802
8.907461300879866 7.992826389963855 -2.8981223020518323
4.13248378428613 -1.849513986737413 10.005417253778168
3.3788851073863397 -0.26986439022427566 11.722161709976444
2.2357972509461614 3.869866825199043 -5.978229468466752
-0.8599978626771416 4.093762396351705 12.471298403781029
2.08119639259703 5.3801513522534155 12.387290733130184
-3.989762469074795 7.370497815942556 9.912151939838948
3.8739355995498634 5.305438827553041 12.848665210061391
6.211694467132084 -2.3390333517861386 6.630802145212908
-5.750248726710458 12.744636301574264 3.0219060019790795
-5.736480770522702 4.590827278343215 -4.505305253873415
1.7406607492487933 5.913522601197861 -7.040947697759567
4.581965033334141 6.798520412988692 -7.096203800123764
4.162422676975529 -5.358486627328892 3.074174658486305
2.3728862489369598 3.332432668484107 13.392838794248288
-4.4459946861148465 6.542124911786131 -4.661964802935713
-7.87510655115884 4.18722786072056 0.925565483906722
0.3941939660722422 6.847178051629006 13.061943904956845
8.827761532286031 7.971516447612182 -3.0562392348535243
8.639102579759845 3.306466323433794 -4.25262469019495
6.851043030668481 2.259621842676591 -5.794191533696996
-4.193530642185161 0.9385839252409971 -4.429729719127635
7.372794676434655 11.075341162051458 8.813074796234606
12.171233383447863 5.0690761949336025 6.456920612505787
10.68005306629534 0.7055877706042804 4.942348774377219
5.056243722210405 13.147327589708478 -2.7583363214031884
-4.967720382309331 7.2833705685492145 10.289409048580396
3.180823234667574 0.7273698146847569 12.475080811584299
0.8523682208196415 11.80684740354506 11.36696390966585
2.3376058019195827 6.449640265440056 12.515129862948694
1.5568805627527853 5.056108124038348 12.671373049315296
-5.105814239277512 8.4040828549592 -3.25888435206315
1.0310113071087734 2.8676504879161517 -7.541786471249576
4.303048905916674 -0.8930215252144018 9.097911512989281
-0.4056228924201408 -2.8554507591738183 8.317157725145194
8.766412551957467 9.267594830209251 8.934525606515727
6.930117509820084 6.228180337897179 -4.946534516462527
-4.133191370691341 -1.2942281981648533 1.4431750962720469
0.8350642035746279 7.47981847213246 -5.728252282071536
-5.88745856504222 -2.5256837528280722 3.8880996069947993
2.271830409495665 4.357073377464586 -7.768058374580207
2.7193298099132672 -4.572569538638307 5.804757268474555
7.563800069955688 8.310270792398944 10.991581062462597
-3.4858601129820226 0.4491646060157559 9.354524253119969
0.5113065258912408 5.4575466206173235 12.775935406863919
0.4489404543797273 12.724999685237119 -4.023990362315726
-6.524019788056522 1.6843365847909126 0.8596819956199959
-2.7438248539897265 4.324600800231249 -5.113835007217476
-1.2986750572861143 2.5280695129000894 12.988874259519987
-1.1928846696339392 6.716184697740685 -6.61294157921976
5.818735100031792 3.645352340097469 -5.605612575314566
-0.3187326296571964 -3.244477840611425 0.49552459681910976
2.6130104094186257 4.7865381226833055 12.51732972698666
8.140816547080314 -0.8031130804800632 -0.019314676606784875
5.997108940727347 2.031614087671967 11.781965345828516
5.652547200493046 -4.640029975214722 3.657619462200934
9.29768283070643 11.001465075715629 -2.5206690076339715
1.8862680414064368 4.733715054491777 13.284935734718394
3.868791109481988 12.654574730342636 9.590128827991967
8.719798498834844 10.553645031665301 4.36663260935784
3.0156416209434087 -5.299869614154693 3.2573504509432714
4.807021433696503 14.181597163903007 2.3866038047827325
-1.8664742559764465 9.202640313084313 11.80496819471365
2.9723460047741446 13.924402386260475 -0.5409920960606751
-0.11617920663314507 5.6611565311264656 13.564789336315938
-6.815755309802675 10.269439060412985 6.487453505009123
-2.074367721564987 0.8840176534441531 9.850440627244136
-3.4011968830353387 4.775139803636108 11.421508962982614
0.4047159392746593 0.6431562406809772 -6.11151513000078
9.279500389262298 -0.8407794675865321 -0.15769871791884338
-1.2480318678861906 -0.04834498431702938 -5.9902487308130805
-1.1366538431331148 1.31357945671988 12.243985904647941
8.449882712406826 -0.14496302407082462 7.538268142759518
-0.13489623567732556 10.869956822871785 10.403915845050445
-7.338602174768047 7.044713786916795 0.3651456587585593
8.551666953175209 10.530849651061429 7.428914762910046
1.6930410628033568 -0.04927272923715087 12.370447655412606
7.497288832721903 -1.9683365577408622 7.680388255188902
6.200758032204926 14.375368812873619 4.4539329418249975
8.588413491781726 7.449425528578272 -3.081375707861235
-0.937300763779219 -5.517929035801722 4.466148688636277
-5.081401953818608 0.5653753270966826 -2.1896142089447954
5.593302727000726 11.414715102169906 10.11504667256843
11.576091902735628 8.522946611077765 5.0430173647175796
4.098819726106504 13.999571911995565 5.288465384383858
1.9550171490527053 5.11900000763937 13.02454964264423
11.785622637120067 7.839488568218755 6.887732701035647
-0.3347914589019889 3.9435526628447866 12.380566768407416
12.058646695991008 5.171855003436558 3.3137183634774763
-5.696756440678351 9.302959966147323 -1.3130167010195772
7.816304592769539 5.320406362236227 -5.422379594211345
-6.955789941814833 2.6633053573226393 -1.684088236901092
10.680119519440437 8.89530952052433 8.394003888649683
9.464747965828316 2.180405350840337 9.736677420736221
-0.21386302055979134 7.8172881931059175 11.915109348802646
-8.539834768793892 5.054731147390637 5.183156044836564
2.953888362673022 -2.9798997874762776 7.587622030593337
6.0497580044623485 -1.339857345263519 -2.7195338992146905
3.478423065230939 -2.505310118089451 11.365793461528257
-3.20393272118368 9.890791035002445 10.692850576837044
5.23864605491417 11.161828193899936 -5.307286662770073
-2.3072271293765256 9.135220665674353 10.667311512825082
4.5876690572863925 4.010189477282662 -6.719579992966041
12.044131082256474 7.885992536022644 0.12243967346911289
12.300143765981002 6.223401795918658 2.1815795120106607
-0.3236675814234218 8.967813889798899 13.05347520773926
-1.4061375816909676 -1.5939796641374921 9.560378237946242
11.677048281622389 3.724492410416693 8.375773858815009
